$ANSIBLE_VAULT;1.1;AES256
65643635386238373539376461353639646138366539386438326139643638363263383639666364
6436643435333837626536363861326134653932393632620a356265663033613065656166323833
61313561643066343266656634663133633364666137636363396630393438653766613262336566
3539633364636130370a343663343934643465633161336563356639323033353537613633316162
34336630383531303437306538656639356230313738333136323466623863316461646436363138
33656164316139353131303866383736616634623433326632616537363232316635306232653665
35323234393436663761323533323966396363653039653662383364646536393663333763363364
31653366366563316561356539646134376134323164663162396236643961636266613765333935
63663031663331636339323231303838336630633063316631333661653462326462333062373165
37613135653634633631333865346336626262326565623134613866666639383063356434323264
34653730303765303237333933343332313065376662393265623634323334333339366632626439
31326539383239656139
